17068619437
17099586229
17190128796
17154289895
17162058336
17197338721
17185024185
18473857274
17199117467
17154350689
17130324579
15828419811
13136273649 
18473868944
18474392248
15778627234
15884283949
13059836430
18478358216
18650459812
18200415362
15074751447
15283801046
15173473730
13577982948
13136291446
18380120824
15730466246
13973424964
13543750105
18650375471
18349336552
15992259646
18473863704
18328504817
15173489545
15814186652
17080835836
17159104705
17083434194
15884299471
13724451694
13115802340
18328595403
17072666079
17175334014
17097843302
18349367481
13095804707
18274771094
14786115295
13790615628
17190681013
17086464848
14785310069
17099502971
17077476104
18483197457
13186784767
17071447505
15669748564
17167265413
13553426346
17134424294
17174615211
17088529724
15211817567
13282446496
17099904957
18474386630
15118527781
17085356854
17159164353
18316594048
17174615962
18380420705
17078061740
15200525443
17099978413
17159103614
13763241183
17080873104
17137751471
13002624631
17076713924
13412929143
17174607108
17054596303
13004294642
18224487118
15211843681
18813895700
13221746354
17072656264
13829879641
17151214029
17060402467
17056453694
15989731152
17084406954
13553417434
15989705995
17151213413
15074700494
13553401435
17082692124
17088278632
13136279454
13002626534
17031806613
13105874158
17081022416
17186145547
17081129524
13578194405
13186784063
15208248873
17056682329
13553414374
13136428413
15730459670
13136271409
17053721823
17082259121
17151213459
17031806501
17000619241
17097517805
17097351063
17098059424
17098135383
18473872844
17073758147
17000649384
17092028289
17185500547
13414062821
17056436636
17092027257
17092028973
17092067951
17098133100
17080515976
17092028034
13553426875
15273477749
17097351001
17081088146
13698190634
17092029641
17098139490
17092029246
17092029141
17070563202
17092067324
17174038424
13221746459
17097352212
17174036934
17174039943
17092028717
13553404305
17075602660
17088278534
17097350108
17092162490
17098136365
18429001863
17082120619
17092068427
13136297164
17187151948
17092067192
17096184705
17162058610
13660840686
17174038894
17092027249
17098135134
17092028142
13277738421
17084539760
17097350103
17098137121
13553412651
17091142840
13175804231
18380493005
15884286864
15019160713
17097350887
17097697141
17151215149
18382141537
17184191916
17098135324
17092067785
17096422963
18390542294
13136261828
13136441405
17091147428